Q 240 11

S 20 5 0 255 255 0 0 255 255 0 0 255 255 0 0 255 255 0 0 
S 20 5 0 255 255 0 0 255 255 0 0 255 255 0 0 255 255 0 0 
S 20 5 0 255 255 0 0 255 255 0 0 255 255 0 0 255 255 0 0 
S 20 5 0 255 255 0 0 255 255 0 0 255 255 0 0 255 255 0 0 
S 20 5 0 255 255 0 0 255 255 0 0 255 255 0 0 255 255 0 0 
S 20 5 0 255 255 0 0 255 255 0 0 255 255 0 0 255 255 0 0 
S 20 5 0 255 255 0 0 255 255 0 0 255 255 0 0 255 255 0 0 
S 20 5 0 255 255 0 0 255 255 0 0 255 255 0 0 255 255 0 0 
S 20 5 0 255 255 0 0 255 255 0 0 255 255 0 0 255 255 0 0 
S 20 5 0 255 255 0 0 255 255 0 0 255 255 0 0 255 255 0 0 
S 20 5 0 255 255 0 0 255 255 0 0 255 255 0 0 255 255 0 0 

Q 241 11

S 20 5 0 255 255 0 0 255 255 0 0 255 255 0 0 255 255 0 0 
S 20 5 0 255 255 0 0 255 255 0 0 255 255 0 0 255 255 0 25 
S 20 5 0 255 255 0 0 255 255 0 0 255 255 0 0 255 255 0 51 
S 20 5 0 255 255 0 0 255 255 0 0 255 255 0 0 255 255 0 76 
S 20 5 0 255 255 0 0 255 255 0 0 255 255 0 0 255 255 0 102 
S 20 5 0 255 255 0 0 255 255 0 0 255 255 0 0 255 255 0 127 
S 20 5 0 255 255 0 0 255 255 0 0 255 255 0 0 255 255 0 153 
S 20 5 0 255 255 0 0 255 255 0 0 255 255 0 0 255 255 0 178 
S 20 5 0 255 255 0 0 255 255 0 0 255 255 0 0 255 255 0 204 
S 20 5 0 255 255 0 0 255 255 0 0 255 255 0 0 255 255 0 229 
S 20 5 0 255 255 0 0 255 255 0 0 255 255 0 0 255 255 0 255 

Q 242 11

S 20 5 0 25 51 76 0 25 51 76 0 25 51 76 0 25 51 76 0 
S 20 5 25 51 76 102 25 51 76 102 25 51 76 102 25 51 76 102 0 
S 20 5 51 76 102 127 51 76 102 127 51 76 102 127 51 76 102 127 0 
S 20 5 76 102 127 153 76 102 127 153 76 102 127 153 76 102 127 153 0 
S 20 5 102 127 153 178 102 127 153 178 102 127 153 178 102 127 153 178 0 
S 20 5 127 153 178 204 127 153 178 204 127 153 178 204 127 153 178 204 0 
S 20 5 153 178 204 229 153 178 204 229 153 178 204 229 153 178 204 229 0 
S 20 5 178 204 229 255 178 204 229 255 178 204 229 255 178 204 229 255 0 
S 20 5 204 229 255 255 204 229 255 255 204 229 255 255 204 229 255 255 0 
S 20 5 229 255 229 255 229 255 229 255 229 255 229 255 229 255 229 255 0 
S 20 5 255 229 204 229 255 229 204 229 255 229 204 229 255 229 204 229 0 

Q 243 11

S 20 5 0 0 0 0 0 0 0 0 0 0 0 0 0 0 0 0 0 
S 20 5 0 0 0 0 0 0 0 0 0 0 0 0 0 0 0 0 0 
S 20 5 0 0 0 0 0 0 0 0 0 0 0 0 0 0 0 0 0 
S 20 5 0 0 0 0 0 0 0 0 0 0 0 0 0 0 0 0 0 
S 20 5 0 0 0 0 0 0 0 0 0 0 0 0 0 0 0 0 0 
S 20 5 0 0 0 0 0 0 0 0 0 0 0 0 0 0 0 0 0 
S 20 5 0 0 0 0 0 0 0 0 0 0 0 0 0 0 0 0 0 
S 20 5 0 0 0 0 0 0 0 0 0 0 0 0 0 0 0 0 0 
S 20 5 0 0 0 0 0 0 0 0 0 0 0 0 0 0 0 0 0 
S 20 5 0 0 0 0 0 0 0 0 0 0 0 0 0 0 0 0 0 
S 20 5 0 0 0 0 0 0 0 0 0 0 0 0 0 0 0 0 0 

Q 244 11

S 20 5 0 0 0 0 0 0 0 0 0 0 0 0 0 0 0 0 0 
S 20 5 0 0 0 0 0 0 0 0 0 0 0 0 0 0 0 0 0 
S 20 5 0 0 0 0 0 0 0 0 0 0 0 0 0 0 0 0 0 
S 20 5 0 0 0 0 0 0 0 0 0 0 0 0 0 0 0 0 0 
S 20 5 0 0 0 0 0 0 0 0 0 0 0 0 0 0 0 0 0 
S 20 5 0 0 0 0 0 0 0 0 0 0 0 0 0 0 0 0 0 
S 20 5 0 0 0 0 0 0 0 0 0 0 0 0 0 0 0 0 0 
S 20 5 0 0 0 0 0 0 0 0 0 0 0 0 0 0 0 0 0 
S 20 5 0 0 0 0 0 0 0 0 0 0 0 0 0 0 0 0 0 
S 20 5 0 0 0 0 0 0 0 0 0 0 0 0 0 0 0 0 0 
S 20 5 0 0 0 0 0 0 0 0 0 0 0 0 0 0 0 0 0 

Q 245 11

S 20 5 0 0 0 0 0 0 0 0 0 0 0 0 0 0 0 0 0 
S 20 5 0 0 0 0 0 0 0 0 0 0 0 0 0 0 0 0 0 
S 20 5 0 0 0 0 0 0 0 0 0 0 0 0 0 0 0 0 0 
S 20 5 0 0 0 0 0 0 0 0 0 0 0 0 0 0 0 0 0 
S 20 5 0 0 0 0 0 0 0 0 0 0 0 0 0 0 0 0 0 
S 20 5 0 0 0 0 0 0 0 0 0 0 0 0 0 0 0 0 0 
S 20 5 0 0 0 0 0 0 0 0 0 0 0 0 0 0 0 0 0 
S 20 5 0 0 0 0 0 0 0 0 0 0 0 0 0 0 0 0 0 
S 20 5 0 0 0 0 0 0 0 0 0 0 0 0 0 0 0 0 0 
S 20 5 0 0 0 0 0 0 0 0 0 0 0 0 0 0 0 0 0 
S 20 5 0 0 0 0 0 0 0 0 0 0 0 0 0 0 0 0 0 

Q 246 11

S 20 5 0 0 0 0 0 0 0 0 0 0 0 0 0 0 0 0 0 
S 20 5 0 0 0 0 0 0 0 0 0 0 0 0 0 0 0 0 0 
S 20 5 0 0 0 0 0 0 0 0 0 0 0 0 0 0 0 0 0 
S 20 5 0 0 0 0 0 0 0 0 0 0 0 0 0 0 0 0 0 
S 20 5 0 0 0 0 0 0 0 0 0 0 0 0 0 0 0 0 0 
S 20 5 0 0 0 0 0 0 0 0 0 0 0 0 0 0 0 0 0 
S 20 5 0 0 0 0 0 0 0 0 0 0 0 0 0 0 0 0 0 
S 20 5 0 0 0 0 0 0 0 0 0 0 0 0 0 0 0 0 0 
S 20 5 0 0 0 0 0 0 0 0 0 0 0 0 0 0 0 0 0 
S 20 5 0 0 0 0 0 0 0 0 0 0 0 0 0 0 0 0 0 
S 20 5 0 0 0 0 0 0 0 0 0 0 0 0 0 0 0 0 0 

Q 247 11

S 20 5 0 0 0 0 0 0 0 0 0 0 0 0 0 0 0 0 0 
S 20 5 0 0 0 0 0 0 0 0 0 0 0 0 0 0 0 0 0 
S 20 5 0 0 0 0 0 0 0 0 0 0 0 0 0 0 0 0 0 
S 20 5 0 0 0 0 0 0 0 0 0 0 0 0 0 0 0 0 0 
S 20 5 0 0 0 0 0 0 0 0 0 0 0 0 0 0 0 0 0 
S 20 5 0 0 0 0 0 0 0 0 0 0 0 0 0 0 0 0 0 
S 20 5 0 0 0 0 0 0 0 0 0 0 0 0 0 0 0 0 0 
S 20 5 0 0 0 0 0 0 0 0 0 0 0 0 0 0 0 0 0 
S 20 5 0 0 0 0 0 0 0 0 0 0 0 0 0 0 0 0 0 
S 20 5 0 0 0 0 0 0 0 0 0 0 0 0 0 0 0 0 0 
S 20 5 0 0 0 0 0 0 0 0 0 0 0 0 0 0 0 0 0 

Q 248 11

S 20 5 0 0 0 0 0 0 0 0 0 0 0 0 0 0 0 0 0 
S 20 5 0 0 0 0 0 0 0 0 0 0 0 0 0 0 0 0 0 
S 20 5 0 0 0 0 0 0 0 0 0 0 0 0 0 0 0 0 0 
S 20 5 0 0 0 0 0 0 0 0 0 0 0 0 0 0 0 0 0 
S 20 5 0 0 0 0 0 0 0 0 0 0 0 0 0 0 0 0 0 
S 20 5 0 0 0 0 0 0 0 0 0 0 0 0 0 0 0 0 0 
S 20 5 0 0 0 0 0 0 0 0 0 0 0 0 0 0 0 0 0 
S 20 5 0 0 0 0 0 0 0 0 0 0 0 0 0 0 0 0 0 
S 20 5 0 0 0 0 0 0 0 0 0 0 0 0 0 0 0 0 0 
S 20 5 0 0 0 0 0 0 0 0 0 0 0 0 0 0 0 0 0 
S 20 5 0 0 0 0 0 0 0 0 0 0 0 0 0 0 0 0 0 

Q 249 11

S 20 5 0 0 0 0 0 0 0 0 0 0 0 0 0 0 0 0 0 
S 20 5 0 0 0 0 0 0 0 0 0 0 0 0 0 0 0 0 0 
S 20 5 0 0 0 0 0 0 0 0 0 0 0 0 0 0 0 0 0 
S 20 5 0 0 0 0 0 0 0 0 0 0 0 0 0 0 0 0 0 
S 20 5 0 0 0 0 0 0 0 0 0 0 0 0 0 0 0 0 0 
S 20 5 0 0 0 0 0 0 0 0 0 0 0 0 0 0 0 0 0 
S 20 5 0 0 0 0 0 0 0 0 0 0 0 0 0 0 0 0 0 
S 20 5 0 0 0 0 0 0 0 0 0 0 0 0 0 0 0 0 0 
S 20 5 0 0 0 0 0 0 0 0 0 0 0 0 0 0 0 0 0 
S 20 5 0 0 0 0 0 0 0 0 0 0 0 0 0 0 0 0 0 
S 20 5 0 0 0 0 0 0 0 0 0 0 0 0 0 0 0 0 0 

Q 250 11

S 20 5 0 0 0 0 0 0 0 0 0 0 0 0 0 0 0 0 0 
S 20 5 0 0 0 0 0 0 0 0 0 0 0 0 0 0 0 0 0 
S 20 5 0 0 0 0 0 0 0 0 0 0 0 0 0 0 0 0 0 
S 20 5 0 0 0 0 0 0 0 0 0 0 0 0 0 0 0 0 0 
S 20 5 0 0 0 0 0 0 0 0 0 0 0 0 0 0 0 0 0 
S 20 5 0 0 0 0 0 0 0 0 0 0 0 0 0 0 0 0 0 
S 20 5 0 0 0 0 0 0 0 0 0 0 0 0 0 0 0 0 0 
S 20 5 0 0 0 0 0 0 0 0 0 0 0 0 0 0 0 0 0 
S 20 5 0 0 0 0 0 0 0 0 0 0 0 0 0 0 0 0 0 
S 20 5 0 0 0 0 0 0 0 0 0 0 0 0 0 0 0 0 0 
S 20 5 0 0 0 0 0 0 0 0 0 0 0 0 0 0 0 0 0 

Q 251 11

S 20 5 0 0 0 0 0 0 0 0 0 0 0 0 0 0 0 0 0 
S 20 5 0 0 0 0 0 0 0 0 0 0 0 0 0 0 0 0 0 
S 20 5 0 0 0 0 0 0 0 0 0 0 0 0 0 0 0 0 0 
S 20 5 0 0 0 0 0 0 0 0 0 0 0 0 0 0 0 0 0 
S 20 5 0 0 0 0 0 0 0 0 0 0 0 0 0 0 0 0 0 
S 20 5 0 0 0 0 0 0 0 0 0 0 0 0 0 0 0 0 0 
S 20 5 0 0 0 0 0 0 0 0 0 0 0 0 0 0 0 0 0 
S 20 5 0 0 0 0 0 0 0 0 0 0 0 0 0 0 0 0 0 
S 20 5 0 0 0 0 0 0 0 0 0 0 0 0 0 0 0 0 0 
S 20 5 0 0 0 0 0 0 0 0 0 0 0 0 0 0 0 0 0 
S 20 5 0 0 0 0 0 0 0 0 0 0 0 0 0 0 0 0 0 

Q 252 11

S 20 5 0 0 0 0 0 0 0 0 0 0 0 0 0 0 0 0 0 
S 20 5 0 0 0 0 0 0 0 0 0 0 0 0 0 0 0 0 0 
S 20 5 0 0 0 0 0 0 0 0 0 0 0 0 0 0 0 0 0 
S 20 5 0 0 0 0 0 0 0 0 0 0 0 0 0 0 0 0 0 
S 20 5 0 0 0 0 0 0 0 0 0 0 0 0 0 0 0 0 0 
S 20 5 0 0 0 0 0 0 0 0 0 0 0 0 0 0 0 0 0 
S 20 5 0 0 0 0 0 0 0 0 0 0 0 0 0 0 0 0 0 
S 20 5 0 0 0 0 0 0 0 0 0 0 0 0 0 0 0 0 0 
S 20 5 0 0 0 0 0 0 0 0 0 0 0 0 0 0 0 0 0 
S 20 5 0 0 0 0 0 0 0 0 0 0 0 0 0 0 0 0 0 
S 20 5 0 0 0 0 0 0 0 0 0 0 0 0 0 0 0 0 0 

Q 253 11

S 20 5 0 0 0 0 0 0 0 0 0 0 0 0 0 0 0 0 0 
S 20 5 0 0 0 0 0 0 0 0 0 0 0 0 0 0 0 0 0 
S 20 5 0 0 0 0 0 0 0 0 0 0 0 0 0 0 0 0 0 
S 20 5 0 0 0 0 0 0 0 0 0 0 0 0 0 0 0 0 0 
S 20 5 0 0 0 0 0 0 0 0 0 0 0 0 0 0 0 0 0 
S 20 5 0 0 0 0 0 0 0 0 0 0 0 0 0 0 0 0 0 
S 20 5 0 0 0 0 0 0 0 0 0 0 0 0 0 0 0 0 0 
S 20 5 0 0 0 0 0 0 0 0 0 0 0 0 0 0 0 0 0 
S 20 5 0 0 0 0 0 0 0 0 0 0 0 0 0 0 0 0 0 
S 20 5 0 0 0 0 0 0 0 0 0 0 0 0 0 0 0 0 0 
S 20 5 0 0 0 0 0 0 0 0 0 0 0 0 0 0 0 0 0 

Q 254 11

S 20 5 0 0 0 0 0 0 0 0 0 0 0 0 0 0 0 0 0 
S 20 5 0 0 0 0 0 0 0 0 0 0 0 0 0 0 0 0 0 
S 20 5 0 0 0 0 0 0 0 0 0 0 0 0 0 0 0 0 0 
S 20 5 0 0 0 0 0 0 0 0 0 0 0 0 0 0 0 0 0 
S 20 5 0 0 0 0 0 0 0 0 0 0 0 0 0 0 0 0 0 
S 20 5 0 0 0 0 0 0 0 0 0 0 0 0 0 0 0 0 0 
S 20 5 0 0 0 0 0 0 0 0 0 0 0 0 0 0 0 0 0 
S 20 5 0 0 0 0 0 0 0 0 0 0 0 0 0 0 0 0 0 
S 20 5 0 0 0 0 0 0 0 0 0 0 0 0 0 0 0 0 0 
S 20 5 0 0 0 0 0 0 0 0 0 0 0 0 0 0 0 0 0 
S 20 5 0 0 0 0 0 0 0 0 0 0 0 0 0 0 0 0 0 

Q 255 11

S 20 5 0 0 0 0 0 0 0 0 0 0 0 0 0 0 0 0 0 
S 20 5 0 0 0 0 0 0 0 0 0 0 0 0 0 0 0 0 0 
S 20 5 0 0 0 0 0 0 0 0 0 0 0 0 0 0 0 0 0 
S 20 5 0 0 0 0 0 0 0 0 0 0 0 0 0 0 0 0 0 
S 20 5 0 0 0 0 0 0 0 0 0 0 0 0 0 0 0 0 0 
S 20 5 0 0 0 0 0 0 0 0 0 0 0 0 0 0 0 0 0 
S 20 5 0 0 0 0 0 0 0 0 0 0 0 0 0 0 0 0 0 
S 20 5 0 0 0 0 0 0 0 0 0 0 0 0 0 0 0 0 0 
S 20 5 0 0 0 0 0 0 0 0 0 0 0 0 0 0 0 0 0 
S 20 5 0 0 0 0 0 0 0 0 0 0 0 0 0 0 0 0 0 
S 20 5 0 0 0 0 0 0 0 0 0 0 0 0 0 0 0 0 0 

